N,temperatura,alpha,tempo_medio,media_iteracoes,media_conflitos,solucoes_otimas
8,10,0.99,0.0066,564.8500,0.5500,9
8,10,0.8,0.0004,31.0000,3.1500,0
8,10,0.5,0.0001,10.0000,4.9500,0
8,100,0.99,0.0096,828.7000,0.6000,8
8,100,0.8,0.0005,42.0000,2.8000,0
8,100,0.5,0.0002,14.0000,4.6000,0
8,1000,0.99,0.0128,1104.0500,0.7500,5
8,1000,0.8,0.0006,52.0000,2.8000,0
8,1000,0.5,0.0002,17.0000,4.8500,0
16,10,0.99,0.0277,686.9500,1.9500,1
16,10,0.8,0.0014,31.0000,8.6500,0
16,10,0.5,0.0005,10.0000,14.1000,0
16,100,0.99,0.0382,917.0000,2.0000,0
16,100,0.8,0.0018,42.0000,7.8000,0
16,100,0.5,0.0006,14.0000,12.1500,0
16,1000,0.99,0.0470,1146.0000,2.1500,0
16,1000,0.8,0.0021,52.0000,8.5500,0
16,1000,0.5,0.0007,17.0000,12.2000,0
32,10,0.99,0.1084,688.0000,5.4500,0
32,10,0.8,0.0048,31.0000,24.0000,0
32,10,0.5,0.0016,10.0000,29.4500,0
32,100,0.99,0.1422,917.0000,5.3000,0
32,100,0.8,0.0066,42.0000,23.7500,0
32,100,0.5,0.0023,14.0000,29.1500,0
32,1000,0.99,0.1772,1146.0000,5.2500,0
32,1000,0.8,0.0081,52.0000,24.5500,0
32,1000,0.5,0.0028,17.0000,29.4500,0
128,10,0.99,1.6546,688.0000,46.3000,0
128,10,0.8,0.0751,31.0000,132.1500,0
128,10,0.5,0.0249,10.0000,141.9000,0
128,100,0.99,2.1991,917.0000,46.6500,0
128,100,0.8,0.1023,42.0000,126.5500,0
128,100,0.5,0.0345,14.0000,143.0000,0
128,1000,0.99,2.7516,1146.0000,46.0000,0
128,1000,0.8,0.1258,52.0000,129.6500,0
128,1000,0.5,0.0419,17.0000,136.7500,0
